Time Report:
============
Total:      110.689331
Generate:   49.169525
Binning:    31.404266
Distribute: 9.286984
Local Sort:
       Min: 14.942174
       Avg: 15.093624
       Max: 15.635001
Gathering:  4.732634
