Time Report:
============
Total:      28.861928
Generate:   12.541195
Binning:    8.229066
Distribute: 5.774568
Local Sort:
       Min: 1.059808
       Avg: 1.069715
       Max: 1.326552
Gathering:  0.965012
